_RICE_CONSTANT:
  xA_0: 12.61284526211837
  xK_0: 67.5363532808178
  xL_0: 1153.559429
  xL_a: 1168.64817
  xa_1: 0
  xa_2: 0.00236
  xa_3: 2
  xdelta_A: 0.2335591082853097
  xg_A: 0.056522215873884896
  xgamma: 0.3
  xl_g: 0.07975982642810232
  xsigma_0: 0.20463581436908657
