_RICE_CONSTANT:
  xA_0: 5.109992330543673
  xK_0: 0.871072684
  xL_0: 285.952538
  xL_a: 280.243849
  xa_1: 0
  xa_2: 0.00236
  xa_3: 2
  xdelta_A: 0.19198426963422988
  xg_A: 0.28691234316031794
  xgamma: 0.3
  xl_g: 0.03894660908604062
  xsigma_0: 1.1576063116121318
