_RICE_CONSTANT:
  xA_0: 3.250119930740304
  xK_0: 27.50443660104453
  xL_0: 4031.540324
  xL_a: 3985.643734
  xa_1: 0
  xa_2: 0.00236
  xa_3: 2
  xdelta_A: 0.08239668593209744
  xg_A: 0.10814096456032099
  xgamma: 0.3
  xl_g: 0.09961653941224989
  xsigma_0: 0.7227875392397705
