_RICE_CONSTANT:
  xA_0: 2.045017429173559
  xK_0: 6.256779604
  xL_0: 1545.816991
  xL_a: 4489.488827
  xa_1: 0
  xa_2: 0.00236
  xa_3: 2
  xdelta_A: 0.19819334478483616
  xg_A: 0.11691865387930357
  xgamma: 0.3
  xl_g: 0.019327062449774557
  xsigma_0: 0.6883369609580036
