_RICE_CONSTANT:
  xA_0: 4.87298338701072
  xK_0: 2.23253879
  xL_0: 618.130152
  xL_a: 642.301927
  xa_1: 0
  xa_2: 0.00236
  xa_3: 2
  xdelta_A: 0.15629628201213583
  xg_A: 0.09776895934200977
  xgamma: 0.3
  xl_g: 0.07207745988965227
  xsigma_0: 0.3245836451389051
